image_width: 640
image_height: 480
camera_name: pgr_camera
camera_matrix:
  rows: 3
  cols: 3
  data: [774.181232435649, 0, 309.937818827686, 0, 775.186904993434, 229.871327324457, 0, 0, 1]
distortion_model: plumb_bob
distortion_coefficients:
  rows: 1
  cols: 5
  data: [-0.445389873277927, 0.271204956225045, 0.00686015223396153, 0.0040228754864786, 0]
rectification_matrix:
  rows: 3
  cols: 3
  data: [1, 0, 0, 0, 1, 0, 0, 0, 1]
projection_matrix:
  rows: 3
  cols: 4
  data: [712.449584960938, 0, 309.924828592986, 0, 0, 740.092041015625, 230.274862967526, 0, 0, 0, 1, 0]